QID
(92932007104584
QVFW
(VERFW:00041.15
QVFW2
(NAK
QPIRI
(230.0 21.7 230.0 50.0 21.7 5000 5000 48.0 44.0 42.0 58.4 54.0 1 02 040 0 2 3 1 01 0 0 00.0 0 1
QFLAG
(EbuxzDajkvy
QPIGS
(232.1 50.0 232.1 50.0 2088 2081 041 363 51.70 006 071 0032 01.1 337.5 00.00 00000 00010110 00 00 00395 010
QPIGS2
(NAK
QPIGSn
(NAK
QPIGS2
(NAK
QPIGS3
(NAK
QMOD
(L
QPIWS
(000000000000000000000000000000000000
QDI
(230.0 50.0 0030 42.0 54.0 56.4 46.0 60 0 0 2 0 0 0 0 0 1 1 1 0 1 0 54.0 0 1
QMCHGCR
(010 020 030 040 050 060 070 080
QMUCHGCR
(002 010 020 030 040 050 060
QGMN
(NAK
QBEQI
(1 060 030 040 003 58.40 000 120 0 0650



